A*B	0	1.81	5.20	9.77	13.76	16.94	2.47	6.64	45	45	45	45	45	7.70	45	45	45	45	45	45	45	45	45	45	45	45	45	45	45	45	45	45	45	45	2.17	45	45	45	45	45	45	45	45	45	45	45	45	45	45	45	45	45	45	45	45	A*B|A*B	1.81	0	0.83	3.58	5.92	7.98	2.00	6.51	45	45	45	45	45	5.36	45	45	45	45	45	45	45	45	45	45	45	45	45	45	15.62	45	45	45	45	45	1.43	45	45	45	45	45	45	45	45	45	45	45	45	45	45	45	45	45	45	45	45	A*B|A*B|A*B	5.20	0.83	0	0.82	2.34	4.64	4.35	5.18	45	45	45	45	2.62	2.42	4.56	45	45	45	45	45	45	45	45	45	45	45	45	45	12.41	45	45	45	45	45	4.95	6.80	45	45	45	45	45	45	45	45	45	45	45	45	45	45	45	45	45	45	45	A*B|A*B|A*B|A*B	9.77	3.58	0.82	0	0.42	1.52	8.18	7.89	45	45	45	45	5.75	3.14	3.42	45	45	45	45	45	45	45	45	45	45	45	45	45	13.34	19.09	45	45	45	45	9.40	11.35	45	45	45	45	16.68	45	45	45	45	5.48	45	45	45	45	45	45	45	45	45	A*B|A*B|A*B|A*B|A*B	13.76	5.92	2.34	0.42	0	0.40	12.27	12.84	45	45	45	45	10.06	7.87	7.72	45	45	45	45	45	45	45	45	45	45	45	45	45	18.95	22.21	45	45	45	45	13.23	15.31	45	45	45	45	20.24	45	45	45	45	10.63	45	45	45	45	45	45	45	45	45	A*B|A*B|A*B|A*B|A*B|A*B	16.94	7.98	4.64	1.52	0.40	0	15.47	13.48	13.48	14.24	45	45	13.12	9.44	5.53	7.40	45	45	45	45	7.12	45	45	17.74	45	45	45	45	21.63	19.18	18.18	45	45	45	16.69	17.86	20.44	45	45	45	18.98	25.46	45	45	45	9.61	45	45	45	45	45	45	45	45	45	A*B|B	2.47	2.00	4.35	8.18	12.27	15.47	0	1.42	4.07	6.95	45	45	2.21	3.03	4.89	7.42	10.77	45	45	11.16	13.93	45	45	45	45	45	45	45	4.97	45	45	45	45	45	2.10	45	45	45	45	45	45	45	45	45	45	45	45	45	45	45	45	45	45	45	45	A*B|B|B	6.64	6.51	5.18	7.89	12.84	13.48	1.42	0	1.14	2.92	5.40	45	2.06	1.73	2.14	3.05	5.06	45	45	7.72	8.35	45	45	45	45	45	45	45	7.39	45	45	45	45	45	5.69	45	45	45	45	45	45	45	45	45	45	45	45	45	45	45	45	45	45	45	45	A*B|B|B|B	45	45	45	45	45	13.48	4.07	1.14	0	0.46	1.50	45	4.31	2.67	1.91	1.68	2.40	45	45	5.93	5.32	45	45	45	45	45	45	45	12.85	5.67	45	45	45	45	45	45	45	45	45	45	45	45	45	45	45	45	45	45	45	45	45	45	45	45	45	A*B|B|B|B|B	45	45	45	45	45	14.24	6.95	2.92	0.46	0	0.36	45	6.85	4.20	2.56	1.71	1.73	45	45	5.80	4.71	45	45	45	45	45	45	45	16.29	7.31	3.61	45	45	45	45	45	45	45	45	45	45	45	45	45	45	45	45	45	45	45	45	45	45	45	45	A*B|B|B|B|B|B	45	45	45	45	45	45	45	5.40	1.50	0.36	0	45	45	45	4.11	2.52	1.99	45	45	7.22	5.47	45	45	45	45	45	45	45	19.49	9.04	4.36	2.41	45	45	45	45	45	45	45	45	45	45	45	45	45	45	45	45	45	45	45	45	45	45	45	A*B|B|B|B|B|B|B	45	45	45	45	45	45	45	45	45	45	45	0	45	45	45	3.33	2.13	45	45	7.21	4.81	45	45	45	45	45	45	45	19.48	8.16	4.38	2.05	0.51	45	45	45	45	45	45	45	45	45	45	45	45	45	45	45	45	45	45	45	45	45	45	A|A*B|B	45	45	2.62	5.75	10.06	13.12	2.21	2.06	4.31	6.85	45	45	0	1.47	4.07	7.02	10.21	2.51	5.17	7.99	11.22	45	45	45	45	45	45	45	2.33	1.92	45	45	45	45	45	0.50	45	45	45	45	1.64	45	45	45	45	1.51	45	45	45	45	45	45	45	5.18	8.07	A|A*B|B|B	7.70	5.36	2.42	3.14	7.87	9.44	3.03	1.73	2.67	4.20	45	45	1.47	0	0.70	2.16	4.04	1.52	2.07	3.33	5.13	45	45	3.28	45	45	45	45	5.55	2.78	2.15	45	45	45	45	45	45	45	45	45	6.20	45	45	45	45	2.91	45	45	45	45	45	45	45	4.18	7.14	A|A*B|B|B|B	45	45	4.56	3.42	7.72	5.53	4.89	2.14	1.91	2.56	4.11	45	4.07	0.70	0	0.41	1.39	2.12	1.24	1.43	2.11	45	45	6.51	3.85	45	45	45	9.44	5.51	3.28	3.97	5.48	45	45	45	45	45	45	45	11.52	45	45	45	45	5.66	45	45	45	45	45	45	45	4.34	6.99	A|A*B|B|B|B|B	45	45	45	45	45	7.40	7.42	3.05	1.68	1.71	2.52	3.33	7.02	2.16	0.41	0	0.32	3.81	1.87	1.26	1.30	45	45	8.41	4.78	45	45	45	12.96	7.68	4.41	3.59	3.54	4.73	45	45	45	45	45	45	15.26	45	45	45	45	8.59	45	45	45	45	45	45	45	6.02	8.58	A|A*B|B|B|B|B|B	45	45	45	45	45	45	10.77	5.06	2.40	1.73	1.99	2.13	10.21	4.04	1.39	0.32	0	5.19	2.99	1.76	1.19	45	45	9.37	5.18	45	45	45	15.98	9.27	5.34	3.02	2.20	2.27	45	45	45	45	45	45	17.42	45	45	45	45	9.89	45	45	45	45	45	45	45	6.95	9.78	A|A|A*B|B|B	45	45	45	45	45	45	45	45	45	45	45	45	2.51	1.52	2.12	3.81	5.19	0	0.91	2.51	4.73	45	45	1.91	0.97	45	45	45	7.25	4.70	4.04	45	45	45	45	45	45	45	45	45	4.77	4.07	45	45	45	0.64	1.59	45	45	1.13	45	45	45	0.91	2.62	A|A|A*B|B|B|B	45	45	45	45	45	45	45	45	45	45	45	45	5.17	2.07	1.24	1.87	2.99	0.91	0	0.54	1.54	45	45	3.90	1.84	2.11	45	45	10.33	6.41	4.62	4.54	6.45	45	45	45	45	45	45	45	8.04	8.04	45	45	45	2.91	3.47	45	45	3.27	45	45	45	0.94	2.24	A|A|A*B|B|B|B|B	45	45	45	45	45	45	11.16	7.72	5.93	5.80	7.22	7.21	7.99	3.33	1.43	1.26	1.76	2.51	0.54	0	0.21	45	45	6.95	4.01	3.52	3.82	45	14.21	9.29	6.42	5.64	5.81	9.53	14.91	45	45	45	45	45	11.94	14.23	45	45	45	6.32	7.17	45	45	7.96	45	45	45	2.38	3.78	A|A|A*B|B|B|B|B|B	45	45	45	45	45	7.12	13.93	8.35	5.32	4.71	5.47	4.81	11.22	5.13	2.11	1.30	1.19	4.73	1.54	0.21	0	45	45	8.89	5.39	2.64	1.99	1.58	17.49	11.18	7.58	5.22	4.51	4.66	45	45	45	45	45	45	15.34	16.05	45	45	45	8.32	9.37	45	45	9.10	45	45	45	3.57	5.73	A|A|A|B|B|B	45	45	45	45	45	45	45	45	45	45	45	45	45	45	45	45	45	45	45	45	45	0	0.87	2.18	1.27	1.90	3.26	5.27	8.90	5.64	4.62	5.26	6.54	8.65	45	45	45	45	45	45	5.37	4.25	4.68	5.43	7.72	45	45	45	45	0.82	1.39	2.70	4.42	45	4.90	A|A|A|B|B|B|B	45	45	45	45	45	45	45	45	45	45	45	45	45	45	45	45	45	45	45	45	45	0.87	0	4.20	2.16	1.22	1.58	2.66	12.24	7.59	5.45	4.55	4.88	6.03	45	45	45	45	45	45	8.73	7.65	8.10	8.67	11.11	45	45	45	45	2.85	3.77	5.17	6.85	45	45	A|A|B|B	45	45	45	45	45	17.74	45	45	45	45	45	45	45	3.28	6.51	8.41	9.37	1.91	3.90	6.95	8.89	2.18	4.20	0	0.75	3.04	5.57	8.51	3.01	1.46	2.14	4.37	6.88	9.87	45	45	45	45	45	45	1.43	2.32	4.67	7.21	10.29	3.21	2.59	5.96	9.26	1.12	3.34	6.00	8.95	4.41	6.85	A|A|B|B|B	45	45	45	45	45	45	45	45	45	45	45	45	45	45	3.85	4.78	5.18	0.97	1.84	4.01	5.39	1.27	2.16	0.75	0	0.82	2.39	4.44	5.80	2.19	1.39	2.05	3.51	5.59	45	45	45	45	45	45	4.22	5.12	7.50	10.00	13.17	45	45	45	45	1.71	3.95	6.65	9.63	3.52	6.23	A|A|B|B|B|B	45	45	45	45	45	45	45	45	45	45	45	45	45	45	45	45	45	45	2.11	3.52	2.64	1.90	1.22	3.04	0.82	0	0.38	1.41	9.46	4.52	2.34	1.42	1.78	2.83	45	45	45	45	45	45	7.84	8.92	11.79	14.19	17.56	45	45	45	45	4.06	6.52	9.22	12.16	45	45	A|A|B|B|B|B|B	45	45	45	45	45	45	45	45	45	45	45	45	45	45	45	45	45	45	45	3.82	1.99	3.26	1.58	5.57	2.39	0.38	0	0.32	13.12	7.06	3.94	1.85	1.45	1.78	45	45	45	45	45	45	11.48	12.57	15.49	17.76	21.24	45	45	45	45	6.51	9.03	11.70	14.59	45	45	A|A|B|B|B|B|B|B	45	45	45	45	45	45	45	45	45	45	45	45	45	45	45	45	45	45	45	45	1.58	5.27	2.66	8.51	4.44	1.41	0.32	0	17.04	9.94	5.97	2.85	1.77	1.43	45	45	45	45	45	45	15.43	16.68	19.84	22.14	25.67	45	45	45	45	9.54	12.17	14.85	17.75	45	45	A|B	45	15.62	12.41	13.34	18.95	21.63	4.97	7.39	12.85	16.29	19.49	19.48	2.33	5.55	9.44	12.96	15.98	7.25	10.33	14.21	17.49	8.90	12.24	3.01	5.80	9.46	13.12	17.04	0	1.47	4.27	7.99	11.75	15.69	3.23	1.37	7.56	13.60	17.53	18.38	1.47	4.64	8.35	12.12	16.10	5.27	8.45	12.14	16.02	6.13	9.59	13.32	17.22	10.53	14.11	A|B|B	45	45	45	19.09	22.21	19.18	45	45	5.67	7.31	9.04	8.16	1.92	2.78	5.51	7.68	9.27	4.70	6.41	9.29	11.18	5.64	7.59	1.46	2.19	4.52	7.06	9.94	1.47	0	0.72	2.97	5.47	8.42	45	45	45	45	45	45	2.82	6.16	10.17	13.93	18.10	4.42	6.87	10.98	15.30	4.74	8.26	12.01	15.93	8.53	12.28	A|B|B|B	45	45	45	45	45	18.18	45	45	45	3.61	4.36	4.38	45	2.15	3.28	4.41	5.34	4.04	4.62	6.42	7.58	4.62	5.45	2.14	1.39	2.34	3.94	5.97	4.27	0.72	0	0.79	2.28	4.35	45	45	45	45	45	45	5.59	8.91	12.88	16.56	20.75	45	45	45	45	5.22	8.67	12.38	16.28	7.83	11.65	A|B|B|B|B	45	45	45	45	45	45	45	45	45	45	2.41	2.05	45	45	3.97	3.59	3.02	45	4.54	5.64	5.22	5.26	4.55	4.37	2.05	1.42	1.85	2.85	7.99	2.97	0.79	0	0.38	1.41	45	45	45	45	45	45	9.31	13.09	17.88	21.65	26.10	45	45	45	45	7.71	11.31	15.02	18.91	45	45	A|B|B|B|B|B	45	45	45	45	45	45	45	45	45	45	45	0.51	45	45	5.48	3.54	2.20	45	6.45	5.81	4.51	6.54	4.88	6.88	3.51	1.78	1.45	1.77	11.75	5.47	2.28	0.38	0	0.33	45	45	45	45	45	45	13.08	17.00	21.93	25.68	30.17	45	45	45	45	10.17	13.76	17.45	21.33	45	45	A|B|B|B|B|B|B	45	45	45	45	45	45	45	45	45	45	45	45	45	45	45	4.73	2.27	45	45	9.53	4.66	8.65	6.03	9.87	5.59	2.83	1.78	1.43	15.69	8.42	4.35	1.41	0.33	0	45	45	45	45	45	45	17.03	21.15	26.48	30.27	34.90	45	45	45	45	13.35	17.10	20.81	24.69	45	45	B*A|A	2.17	1.43	4.95	9.40	13.23	16.69	2.10	5.69	45	45	45	45	45	45	45	45	45	45	45	14.91	45	45	45	45	45	45	45	45	3.23	45	45	45	45	45	0	45	45	45	45	45	45	45	45	45	45	3.70	45	45	45	45	45	45	45	9.92	13.06	B*A|A|A	45	45	6.80	11.35	15.31	17.86	45	45	45	45	45	45	0.50	45	45	45	45	45	45	45	45	45	45	45	45	45	45	45	1.37	45	45	45	45	45	45	0	45	45	45	45	0.27	45	45	45	45	1.81	45	45	45	45	45	45	45	7.53	9.21	B*A|A|A|A	45	45	45	45	45	20.44	45	45	45	45	45	45	45	45	45	45	45	45	45	45	45	45	45	45	45	45	45	45	7.56	45	45	45	45	45	45	45	0	0.71	2.10	45	2.77	45	45	45	45	2.21	45	45	45	45	45	45	45	45	6.45	B*A|A|A|A|A	45	45	45	45	45	45	45	45	45	45	45	45	45	45	45	45	45	45	45	45	45	45	45	45	45	45	45	45	13.60	45	45	45	45	45	45	45	0.71	0	0.30	45	5.73	2.52	45	45	45	45	45	45	45	45	45	45	45	45	6.72	B*A|A|A|A|A|A	45	45	45	45	45	45	45	45	45	45	45	45	45	45	45	45	45	45	45	45	45	45	45	45	45	45	45	45	17.53	45	45	45	45	45	45	45	2.10	0.30	0	45	8.21	3.87	45	45	45	45	45	45	45	45	45	45	45	45	6.28	B*A|A|A|A|A|A|A	45	45	45	45	45	45	45	45	45	45	45	45	45	45	45	45	45	45	45	45	45	45	45	45	45	45	45	45	18.38	45	45	45	45	45	45	45	45	45	45	0	9.78	4.36	45	45	45	45	45	45	45	45	45	45	45	45	45	B|A|A	45	45	45	16.68	20.24	18.98	45	45	45	45	45	45	1.64	6.20	11.52	15.26	17.42	4.77	8.04	11.94	15.34	5.37	8.73	1.43	4.22	7.84	11.48	15.43	1.47	2.82	5.59	9.31	13.08	17.03	45	0.27	2.77	5.73	8.21	9.78	0	0.99	3.24	5.86	8.81	2.28	3.94	6.50	9.30	2.57	4.69	7.31	10.24	6.50	8.77	B|A|A|A	45	45	45	45	45	25.46	45	45	45	45	45	45	45	45	45	45	45	4.07	8.04	14.23	16.05	4.25	7.65	2.32	5.12	8.92	12.57	16.68	4.64	6.16	8.91	13.09	17.00	21.15	45	45	45	2.52	3.87	4.36	0.99	0	0.73	2.23	4.21	1.81	1.67	3.10	4.97	1.48	2.22	3.75	5.72	5.01	6.10	B|A|A|A|A	45	45	45	45	45	45	45	45	45	45	45	45	45	45	45	45	45	45	45	45	45	4.68	8.10	4.67	7.50	11.79	15.49	19.84	8.35	10.17	12.88	17.88	21.93	26.48	45	45	45	45	45	45	3.24	0.73	0	0.39	1.40	45	1.02	1.41	2.09	2.07	1.33	1.71	2.68	6.49	4.86	B|A|A|A|A|A	45	45	45	45	45	45	45	45	45	45	45	45	45	45	45	45	45	45	45	45	45	5.43	8.67	7.21	10.00	14.19	17.76	22.14	12.12	13.93	16.56	21.65	25.68	30.27	45	45	45	45	45	45	5.86	2.23	0.39	0	0.31	45	45	1.09	0.99	3.24	1.38	0.96	1.26	45	5.15	B|A|A|A|A|A|A	45	45	45	45	45	45	45	45	45	45	45	45	45	45	45	45	45	45	45	45	45	7.72	11.11	10.29	13.17	17.56	21.24	25.67	16.10	18.10	20.75	26.10	30.17	34.90	45	45	45	45	45	45	8.81	4.21	1.40	0.31	0	45	45	1.52	1.09	5.33	2.64	1.50	1.18	45	45	B|B*A|A|A	45	45	45	5.48	10.63	9.61	45	45	45	45	45	45	1.51	2.91	5.66	8.59	9.89	0.64	2.91	6.32	8.32	45	45	3.21	45	45	45	45	5.27	4.42	45	45	45	45	3.70	1.81	2.21	45	45	45	2.28	1.81	45	45	45	0	45	45	45	45	45	45	45	1.90	3.09	B|B*A|A|A|A	45	45	45	45	45	45	45	45	45	45	45	45	45	45	45	45	45	1.59	3.47	7.17	9.37	45	45	2.59	45	45	45	45	8.45	6.87	45	45	45	45	45	45	45	45	45	45	3.94	1.67	1.02	45	45	45	0	45	2.65	45	45	45	45	1.69	2.24	B|B*A|A|A|A|A	45	45	45	45	45	45	45	45	45	45	45	45	45	45	45	45	45	45	45	45	45	45	45	5.96	45	45	45	45	12.14	10.98	45	45	45	45	45	45	45	45	45	45	6.50	3.10	1.41	1.09	1.52	45	45	0	0.41	1.70	0.43	45	45	45	1.69	B|B*A|A|A|A|A|A	45	45	45	45	45	45	45	45	45	45	45	45	45	45	45	45	45	45	45	45	45	45	45	9.26	45	45	45	45	16.02	15.30	45	45	45	45	45	45	45	45	45	45	9.30	4.97	2.09	0.99	1.09	45	2.65	0.41	0	3.82	1.68	0.78	45	3.67	2.23	B|B|A|A|A	45	45	45	45	45	45	45	45	45	45	45	45	45	45	45	45	45	1.13	3.27	7.96	9.10	0.82	2.85	1.12	1.71	4.06	6.51	9.54	6.13	4.74	5.22	7.71	10.17	13.35	45	45	45	45	45	45	2.57	1.48	2.07	3.24	5.33	45	45	1.70	3.82	0	0.67	2.13	4.01	2.67	3.81	B|B|A|A|A|A	45	45	45	45	45	45	45	45	45	45	45	45	45	45	45	45	45	45	45	45	45	1.39	3.77	3.34	3.95	6.52	9.03	12.17	9.59	8.26	8.67	11.31	13.76	17.10	45	45	45	45	45	45	4.69	2.22	1.33	1.38	2.64	45	45	0.43	1.68	0.67	0	0.41	1.36	4.17	3.89	B|B|A|A|A|A|A	45	45	45	45	45	45	45	45	45	45	45	45	45	45	45	45	45	45	45	45	45	2.70	5.17	6.00	6.65	9.22	11.70	14.85	13.32	12.01	12.38	15.02	17.45	20.81	45	45	45	45	45	45	7.31	3.75	1.71	0.96	1.50	45	45	45	0.78	2.13	0.41	0	0.26	45	3.27	B|B|A|A|A|A|A|A	45	45	45	45	45	45	45	45	45	45	45	45	45	45	45	45	45	45	45	45	45	4.42	6.85	8.95	9.63	12.16	14.59	17.75	17.22	15.93	16.28	18.91	21.33	24.69	45	45	45	45	45	45	10.24	5.72	2.68	1.26	1.18	45	45	45	45	4.01	1.36	0.26	0	45	45	B|B|B*A|A|A|A	45	45	45	45	45	45	45	45	45	45	45	45	5.18	4.18	4.34	6.02	6.95	0.91	0.94	2.38	3.57	45	45	4.41	3.52	45	45	45	10.53	8.53	7.83	45	45	45	9.92	7.53	45	45	45	45	6.50	5.01	6.49	45	45	1.90	1.69	45	3.67	2.67	4.17	45	45	0	0.42	B|B|B*A|A|A|A|A	45	45	45	45	45	45	45	45	45	45	45	45	8.07	7.14	6.99	8.58	9.78	2.62	2.24	3.78	5.73	4.90	45	6.85	6.23	45	45	45	14.11	12.28	11.65	45	45	45	13.06	9.21	6.45	6.72	6.28	45	8.77	6.10	4.86	5.15	45	3.09	2.24	1.69	2.23	3.81	3.89	3.27	45	0.42	0	